29141777638
1152449303
39825979194
34167211017
94580730224
91740029704
52601815906
35623012353
79542205830
90679037799
78778932807
74852605700
44232322191
19834441703
30802300278
57746370691
86454284158
21753377234
8183658466
24159206654
26647378219
23097215140
41094668575
69232321203
60347040497
33698027089
74431148507
12892327687
81599418541
84909340610
7162021824
13243700175
92347882902
85903065180
85252464928
50041082346
91980578125
66115750903
34603369000
79803432559
65326948435
10433218100
4275179749
68812634060
46741450157
16099382917
51687954801
85288483612
15615880082
74537518537
